424083
424084
424085
424086
424087
424088
424089
424090
424091
424092
424093
424094
424095
424096
424097
424098
424099
424100
424101
424102
424103
424104
424105
424106
424107
424108
424109
424110
424111
424112
424113
424114
424115
424116
424117
424118
424119
424120
424121
424122
424123
424124
424125
424126
424127
424128
424129
424130
424131
424132
424133
424134
424135
424136
424137
424138
424139
424140
424141
424142
424143
424144
424145
424146
424147
424148
424149
424150
424151
424152
424153
424154
424155
424156
424157
424158
424159
424160
424161
424162
424163
424164
424165
424166
424167
424168
424169
424170
424171
424172
424173
424174
424175
424176
424177
424178
424179
424180
424181
424182
424183
424184
424185
424186
424187
424188
424189
424190
424191
424192
424193
424194
424195
424196
424197
424198
424199
424200
424201
424202
424203
424204
424205
424206
424207
424208
424209
424210
424211
424212
424213
424214
424215
424216
424217
424218
424219
424220
424221
424222
424223
424224
424225
424226
424227
424228
424229
424230
424231
424232
424233
424234
424235
424236
424237
424238
424239
424240
424241
424242
424243
424244
424245
424246
424247
424248
424249
424250
424251
424252
424253
424254
424255
424256
424257
424258
424259
424260
424261
424262
424263
424264
424265
424266
424267
424268
424269
424270
424271
424272
424273
424274
424275
424276
424277
424278
424279
424280
424281
424282
424283
424284
424285
424286
424287
424288
424289
424290
424291
424292
424293
424294
424295
424296
424297
424298
424299
424300
424301
424302
424303
424304
424305
424306
424307
424308
424309
424310
424311
424312
424313
424314
424315
424316
424317
424318
424319
424320
424321
424322
424323
424324
424325
424326
424327
424328
424329
424330
424331
424332
424333
424334
424335
424336
424337
424338
