424512
424513
424514
424515
424516
424517
424518
424519
424520
424521
424522
424523
424524
424525
424526
424527
424528
424529
424530
424531
424532
424533
424534
424535
424536
424537
424538
424539
424540
424541
424542
424543
424544
424545
424546
424547
424548
424549
424550
424551
424552
424553
424554
424555
424556
424557
424558
424559
424560
424561
424562
424563
424564
424565
424566
424567
424568
424569
424570
424571
424572
424573
424574
424575
424576
424577
424578
424579
424580
424581
424582
424583
424584
424585
424586
424587
424588
424589
424590
424591
424592
424593
424594
424595
424596
424597
424598
424599
424600
424601
424602
424603
424604
424605
424606
424607
424608
424609
424610
424611
424612
424613
424614
424615
424616
424617
424618
424619
424620
424621
424622
424623
424624
424625
424626
424627
424628
424629
424630
424631
424632
424633
424634
424635
424636
424637
424638
424639
424640
424641
424642
424643
424644
424645
424646
424647
424648
424649
424650
424651
424652
424653
424654
424655
424656
424657
424658
424659
424660
424661
424662
424663
424664
424665
424666
424667
424668
424669
424670
424671
424672
424673
424674
424675
424676
424677
424678
424679
424680
424681
424682
424683
424684
424685
424686
424687
424688
424689
424690
424691
424692
424693
424694
424695
424696
424697
424698
424699
424700
424701
424702
424703
424704
424705
424706
424707
424708
424709
424710
424711
424712
424713
424714
424715
424716
424717
424718
424719
424720
424721
424722
424723
424724
424725
424726
424727
424728
424729
424730
424731
424732
424733
424734
424735
424736
424737
424738
424739
424740
424741
424742
424743
424744
424745
424746
424747
424748
424749
424750
424751
424752
424753
424754
424755
424756
424757
424758
424759
424760
424761
424762
424763
424764
424765
424766
424767
424768
424769
424770
424771
424772
424773
424774
424775
424776
424777
424778
424779
424780
424781
424782
424783
424784
424785
424786
424787
424788
424789
424790
424791
424792
424793
424794
424795
424796
424797
424798
424799
424800
424801
424802
424803
424804
424805
424806
424807
424808
424809
424810
424811
424812
424813
424814
424815
424816
424817
424818
424819
424820
424821
424822
424823
424824
424825
424826
424827
424828
424829
424830
424831
424832
424833
424834
424835
424836
424837
424838
424839
424840
424841
424842
424843
424844
424845
424846
424847
424848
424849
424850
424851
424852
424853
424854
424855
424856
424857
424858
424859
424860
424861
424862
424863
424864
424865
424866
424867
424868
424869
424870
424871
424872
424873
424874
424875
424876
424877
424878
424879
424880
424881
424882
424883
424884
424885
424886
424887
424888
424889
424890
424891
424892
424893
424894
424895
424896
424897
424898
424899
424900
424901
424902
424903
424904
424905
424906
424907
424908
424909
424910
424911
424912
424913
424914
424915
424916
424917
424918
424919
424920
424921
424922
424923
424924
424925
424926
424927
424928
424929
424930
424931
424932
424933
424934
424935
424936
424937
424938
424939
424940
424941
424942
424943
424944
424945
424946
424947
424948
424949
424950
424951
424952
424953
424954
424955
424956
424957
424958
424959
424960
424961
424962
424963
424964
424965
424966
424967
424968
424969
424970
424971
424972
424973
424974
424975
424976
424977
424978
424979
424980
424981
424982
424983
424984
424985
424986
424987
424988
424989
424990
424991
424992
424993
424994
424995
424996
424997
424998
424999
425000
425001
425002
425003
425004
425005
425006
425007
425008
425009
425010
425011
425012
425013
425014
425015
425016
425017
425018
425019
425020
425021
425022
425023
425024
425025
425026
425027
425028
425029
425030
425031
425032
425033
425034
425035
425036
425037
425038
425039
425040
425041
425042
425043
425044
425045
425046
425047
425048
425049
425050
425051
425052
425053
425054
425055
425056
425057
425058
425059
425060
425061
425062
425063
425064
425065
425066
425067
425068
425069
425070
425071
425072
425073
425074
425075
425076
425077
425078
425079
425080
425081
425082
425083
425084
425085
425086
425087
425088
425089
425090
425091
425092
425093
425094
425095
425096
425097
425098
425099
425100
425101
425102
425103
425104
425105
425106
425107
425108
425109
425110
425111
425112
425113
425114
425115
425116
425117
425118
425119
425120
425121
425122
425123
425124
425125
425126
425127
425128
425129
425130
425131
425132
425133
425134
425135
425136
425137
425138
425139
425140
425141
425142
425143
425144
425145
425146
425147
425148
425149
425150
425151
425152
425153
425154
425155
425156
425157
425158
425159
425160
425161
425162
425163
425164
425165
425166
425167
425168
425169
425170
425171
425172
425173
425174
425175
425176
425177
425178
425179
425180
425181
425182
425183
425184
425185
425186
425187
425188
425189
425190
425191
425192
425193
425194
425195
425196
425197
425198
425199
425200
425201
425202
425203
425204
425205
425206
425207
425208
425209
425210
425211
425212
425213
425214
425215
425216
425217
425218
425219
425220
425221
425222
425223
425224
425225
425226
425227
425228
425229
425230
425231
425232
425233
425234
425235
425236
425237
425238
425239
425240
425241
425242
425243
425244
425245
425246
425247
425248
425249
425250
425251
425252
425253
425254
425255
425256
425257
425258
425259
425260
425261
425262
425263
425264
425265
425266
425267
425268
425269
425270
425271
425272
425273
425274
425275
425276
425277
425278
425279
425280
425281
425282
425283
425284
425285
425286
425287
425288
425289
425290
425291
425292
425293
425294
425295
425296
425297
425298
425299
425300
425301
425302
425303
425304
425305
425306
425307
425308
425309
425310
425311
425312
425313
425314
425315
425316
425317
425318
425319
425320
425321
425322
425323
425324
425325
425326
425327
425328
425329
425330
425331
425332
425333
425334
425335
425336
425337
425338
425339
425340
425341
425342
425343
425344
425345
425346
425347
425348
425349
425350
425351
425352
425353
425354
425355
425356
425357
425358
425359
425360
425361
425362
425363
425364
425365
425366
425367
425368
425369
425370
425371
425372
425373
425374
425375
425376
425377
425378
425379
425380
425381
425382
425383
425384
425385
425386
425387
425388
425389
425390
425391
425392
425393
425394
425395
425396
425397
425398
425399
425400
425401
425402
425403
425404
425405
425406
425407
425408
425409
425410
425411
425412
425413
425414
425415
425416
425417
425418
425419
425420
425421
425422
425423
425424
425425
425426
425427
425428
425429
425430
425431
425432
425433
425434
425435
425436
425437
425438
425439
425440
425441
425442
425443
425444
425445
425446
425447
425448
425449
425450
425451
425452
425453
425454
425455
425456
425457
425458
425459
425460
425461
425462
425463
425464
425465
425466
425467
425468
425469
425470
425471
425472
425473
425474
425475
425476
425477
425478
425479
425480
425481
425482
425483
425484
425485
425486
425487
425488
425489
425490
425491
425492
425493
425494
425495
425496
425497
425498
425499
425500
425501
425502
425503
425504
425505
425506
425507
425508
425509
425510
425511
425512
425513
425514
425515
425516
425517
425518
425519
425520
425521
425522
425523
425524
425525
425526
425527
425528
425529
425530
425531
425532
425533
425534
425535
432365
432366
432367
432368
432369
432370
432371
432372
432373
432374
432375
432376
432377
432378
432379
432380
432381
432382
432383
432384
432385
432386
432387
432388
432389
432390
432391
432392
432393
432394
432395
432396
432397
432398
432399
432400
432401
432402
432403
432404
432405
432406
432407
432408
432409
432410
432411
432412
432413
432414
432415
432416
432417
432418
432419
432420
432421
432422
432423
432424
432425
432426
432427
432428
432429
432430
432431
432432
432433
432434
432435
432436
432437
432438
432439
432440
432441
432442
432443
432444
432445
432446
432447
432448
432449
432450
432451
432452
432453
432454
432455
432456
432457
432458
432459
432460
432461
432462
432463
432464
432465
432466
432467
432468
432469
432470
432471
432472
432473
432474
432475
432476
432477
432478
432479
432480
432481
432482
432483
432484
432485
432486
432487
432488
432489
432490
432491
432492
432493
432494
432495
432496
432497
432498
432499
432500
432501
432502
432503
432504
432505
432506
432507
432508
432509
432510
432511
432512
432513
432514
432515
432516
432517
432518
432519
432520
432521
432522
432523
432524
432525
432526
432527
432528
432529
432530
432531
432532
432533
432534
432535
432536
432537
432538
432539
432540
432541
432542
432543
432544
432545
432546
432547
432548
432549
432550
432551
432552
432553
432554
432555
432556
432557
432558
432559
432560
432561
432562
432563
432564
432565
432566
432567
432568
432569
432570
432571
432572
432573
432574
432575
432576
432577
432578
432579
432580
432581
432582
432583
432584
432585
432586
432587
432588
432589
432590
432591
432592
432593
432594
432595
432596
432597
432598
432599
432600
432601
432602
432603
432604
432605
432606
432607
432608
432609
432610
432611
432612
432613
432614
432615
432616
432617
432618
432619
432620
432621
432622
432623
432624
432625
432626
432627
432628
432629
432630
432631
432632
432633
432634
432635
432636
432637
432638
432639
432640
432641
432642
432643
432644
432645
432646
432647
432648
432649
432650
432651
432652
432653
432654
432655
432656
432657
432658
432659
432660
432661
432662
432663
432664
432665
432666
432667
432668
432669
432670
432671
432672
432673
432674
432675
432676
432677
432678
432679
432680
432681
432682
432683
432684
432685
432686
432687
432688
432689
432690
432691
432692
432693
432694
432695
432696
432697
432698
432699
432700
432701
432702
432703
432704
432705
432706
432707
432708
432709
432710
432711
432712
432713
432714
432715
432716
432717
432718
432719
432720
432721
432722
432723
432724
432725
432726
432727
432728
432729
432730
432731
432732
432733
432734
432735
432736
432737
432738
432739
432740
432741
432742
432743
432744
432745
432746
432747
432748
432749
432750
432751
432752
432753
432754
432755
432756
432757
432758
432759
432760
432761
432762
432763
432764
432765
432766
432767
432768
432769
432770
432771
432772
432773
432774
432775
432776
432777
432778
432779
432780
432781
432782
432783
432784
432785
432786
432787
432788
432789
432790
432791
432792
432793
432794
432795
432796
432797
432798
432799
432800
432801
432802
432803
432804
432805
432806
432807
432808
432809
432810
432811
432812
432813
432814
432815
432816
432817
432818
432819
432820
432821
432822
432823
432824
432825
432826
432827
432828
432829
432830
432831
432832
432833
432834
432835
432836
432837
432838
432839
432840
432841
432842
432843
432844
432845
432846
432847
432848
432849
432850
432851
432852
432853
432854
432855
432856
432857
432858
432859
432860
432861
432862
432863
432864
432865
432866
432867
432868
432869
432870
432871
432872
432873
432874
432875
432876
432877
432878
432879
432880
432881
432882
432883
432884
432885
432886
432887
432888
432889
432890
432891
432892
432893
432894
432895
432896
432897
432898
432899
432900
432901
432902
432903
432904
432905
432906
432907
432908
432909
432910
432911
432912
432913
432914
432915
432916
432917
432918
432919
432920
432921
432922
432923
432924
432925
432926
432927
432928
432929
432930
432931
432932
432933
432934
432935
432936
432937
432938
432939
432940
432941
432942
432943
432944
432945
432946
432947
432948
432949
432950
432951
432952
432953
432954
432955
432956
432957
432958
432959
432960
432961
432962
432963
432964
432965
432966
432967
432968
432969
432970
432971
432972
432973
432974
432975
432976
432977
432978
432979
432980
432981
432982
432983
432984
432985
432986
432987
432988
432989
432990
432991
432992
432993
432994
432995
432996
432997
432998
432999
433000
433001
433002
433003
433004
433005
433006
433007
433008
433009
433010
433011
433012
433013
433014
433015
433016
433017
433018
433019
433020
433021
433022
433023
433024
433025
433026
433027
433028
433029
433030
433031
433032
433033
433034
433035
433036
433037
433038
433039
433040
433041
433042
433043
433044
433045
433046
433047
433048
433049
433050
433051
433052
433053
433054
433055
433056
433057
433058
433059
433060
433061
433062
433063
433064
433065
433066
433067
433068
433069
433070
433071
433072
433073
433074
433075
433076
433077
433078
433079
433080
433081
433082
433083
433084
433085
433086
433087
433088
433089
433090
433091
433092
433093
433094
433095
433096
433097
433098
433099
433100
433101
433102
433103
433104
433105
433106
433107
433108
433109
433110
433111
433112
433113
433114
433115
433116
433117
433118
433119
433120
433121
433122
433123
433124
433125
433126
433127
433128
433129
433130
433131
433132
433133
433134
433135
433136
433137
433138
433139
433140
