432117
432118
432119
432120
432121
432122
432123
432124
432125
432126
432127
432128
432129
432130
432131
432132
432133
432134
432135
432136
432137
432138
432139
432140
432141
432142
432143
432144
432145
432146
432147
432148
432149
432150
432151
432152
432153
432154
432155
432156
432157
432158
432159
432160
432161
432162
432163
432164
432165
432166
432167
432168
432169
432170
432171
432172
432173
432174
432175
432176
432177
432178
432179
432180
432181
432182
432183
432184
432185
432186
432187
432188
432189
432190
432191
432192
432193
432194
432195
432196
432197
432198
432199
432200
432201
432202
432203
432204
432205
432206
432207
432208
432209
432210
432211
432212
432213
432214
432215
432216
432217
432218
432219
432220
432221
432222
432223
432224
432225
432226
432227
432228
432229
432230
432231
432232
432233
432234
432235
432236
432237
432238
432239
432240
432241
432242
432243
432244
432245
432246
432247
432248
432249
432250
432251
432252
432253
432254
432255
432256
432257
432258
432259
432260
432261
432262
432263
432264
432265
432266
432267
432268
432269
432270
432271
432272
432273
432274
432275
432276
432277
432278
432279
432280
432281
432282
432283
432284
432285
432286
432287
432288
432289
432290
432291
432292
432293
432294
432295
432296
432297
432298
432299
432300
432301
432302
432303
432304
432305
432306
432307
432308
432309
432310
432311
432312
432313
432314
432315
432316
432317
432318
432319
432320
432321
432322
432323
432324
432325
432326
432327
432328
432329
432330
432331
432332
432333
432334
432335
432336
432337
432338
432339
432340
432341
432342
432343
432344
432345
432346
432347
432348
432349
432350
432351
432352
432353
432354
432355
432356
432357
432358
432359
432360
432361
432362
432363
432364
